function V = model_110(x)

x1 = x(:,1);
x2 = x(:,2);
x3 = x(:,3);
x4 = x(:,4);
x5 = x(:,5);

V = -2805.72192231 + ...
-5611.44384713 *  ( ( ( ( ( (0.99808359 -  cos(((x1*0.0 * 1.0 + x2*0.0 * 1.0 + x3*1.0 * 1.0 + x4*0.0 * 1.0 + x5*0.0 * 1.0 + 0.0 * 1.0))) )  .* ((x1*0.0 * 1.0 + x2*0.0 * 1.0 + x3*0.0 * 1.0 + x4*1.0 * 1.0 + x5*0.0 * 1.0 + 0.0 * 1.0)))  - 0.0)  - 0.0)  -  (0.5 -  (264.0 .* ((x1*0.0 * 1.0 + x2*0.0 * 1.0 + x3*0.0 * 1.0 + x4*0.0 * 1.0 + x5*1.0 * 1.0 + 0.0 * 1.0))) ) ) )  + ...
-5611.44384713 *  ( (0.0 -  (264.0 .* ((x1*0.0 * 1.0 + x2*0.0 * 1.0 + x3*0.0 * 1.0 + x4*0.0 * 1.0 + x5*1.0 * 1.0 + 0.0 * 1.0))) ) )  + ...
0.37985041 *  ( (0.13137851 .* ((x1*0.0 * 1.0 + x2*0.0 * 1.0 + x3*0.0 * 1.0 + x4*1.0 * 1.0 + x5*0.0 * 1.0 + 0.0 * 1.0))) )  + ...
5611.39384713 *  ( ( ( ( (0.99808359 -  cos(((x1*0.0 * 1.0 + x2*0.0 * 1.0 + x3*1.0 * 1.0 + x4*0.0 * 1.0 + x5*0.0 * 1.0 + 0.0 * 1.0))) )  .* ((x1*0.0 * 1.0 + x2*0.0 * 1.0 + x3*0.0 * 1.0 + x4*1.0 * 1.0 + x5*0.0 * 1.0 + 0.0 * 1.0)))  - 0.0)  - 0.0) )  + ...
-1.52E-6 *  ( (-0.14099161 .*  (((x1*0.0 * 1.0 + x2*1.0 * 1.0 + x3*0.0 * 1.0 + x4*0.0 * 1.0 + x5*0.0 * 1.0 + 0.0 * 1.0)) + -7.55555556) ) )  + ...
-2.5E-7 *  ( ( cos( (3.55555556 + ((x1*0.0 * 1.0 + x2*1.0 * 1.0 + x3*0.0 * 1.0 + x4*0.0 * 1.0 + x5*0.0 * 1.0 + 0.0 * 1.0))) )  + -0.41614684) )  + ...
1.0 *  (((x1*1.0 * 1.0 + x2*0.0 * 1.0 + x3*0.0 * 1.0 + x4*0.0 * 1.0 + x5*0.0 * 1.0 + 0.0 * 1.0)))  + ...
0;

% MSE = 8.259838739671716E-18

% Configuration:
%         seed: 101
%         nbOfRuns: 10
%         dataset: data/syrotek_rw_N1L200_6.txt
%         populationSize: 500
%         nbOfTransformedVar: -1
%         lsIterations: 100
%         maxGenerations: 30000
%         depthLimit: 7
% Default probHeadNode: 0.1
% Default probTransformedVarNode: 0.2
%         useIdentityNodes: true
%         optMisplacementPenalty: 1.0
%         desiredOptimum: 0 0
%         regressionClass: LeastSquaresFit
%         populationClass: PartitionedPopulation
%         resultsDir: results/syrotek_rw_N1L200_6_reg10/
%         tailFunctionSet: Multiply, Plus, Minus, Sine, Cosine
% Default solverName: SolverMultiThreaded
%         nbRegressors: 10
%         nbPredictors: 10
% Default nbOfThreads: 2
%         epochLength: 1000
%         maxEpochs: 30
% Default improvementThreshold: 0.0
% Default maxNonImprovingEpochs: 2147483647
