function V = model_130(x)

x1 = x(:,1);
x2 = x(:,2);
x3 = x(:,3);

V = 4.95065287 + ...
0.01240954 *  ( ( ( (((x1*0.0 * 1.0 + x2*0.0 * 1.0 + x3*1.0 * 1.0 + 0.0 * 1.0)) .* ((x1*1.0 * 1.0 + x2*0.0 * 1.0 + x3*0.0 * 1.0 + 0.0 * 1.0)))  +  sign(((x1*0.0 * 1.0 + x2*1.0 * 1.0 + x3*0.0 * 1.0 + 0.0 * 1.0))) )  .*  sign( (((x1*0.0 * 1.0 + x2*0.0 * 1.0 + x3*1.0 * 1.0 + 0.0 * 1.0)) + ((x1*0.0 * 1.0 + x2*1.0 * 1.0 + x3*0.0 * 1.0 + 0.0 * 1.0))) ) ) )  + ...
0.00202979 *  ( ( ( sin(((x1*1.0 * 1.0 + x2*0.0 * 1.0 + x3*0.0 * 1.0 + 0.0 * 1.0)))  .*  (((x1*0.0 * 1.0 + x2*1.0 * 1.0 + x3*0.0 * 1.0 + 0.0 * 1.0)) + ((x1*1.0 * 1.0 + x2*0.0 * 1.0 + x3*0.0 * 1.0 + 0.0 * 1.0))) )  .* ((x1*0.0 * 1.0 + x2*1.0 * 1.0 + x3*0.0 * 1.0 + 0.0 * 1.0))) )  + ...
-5.76813457 *  ( (0.79469347 +  sin(((x1*1.0 * 1.0 + x2*0.0 * 1.0 + x3*0.0 * 1.0 + 0.0 * 1.0))) ) )  + ...
0.16456577 *  ( (((x1*0.0 * 1.0 + x2*0.0 * 1.0 + x3*1.0 * 1.0 + 0.0 * 1.0)) .* 9.0) )  + ...
0.03478646 *  ( ( (((x1*1.0 * 1.0 + x2*0.0 * 1.0 + x3*0.0 * 1.0 + 0.0 * 1.0)) .* ((x1*0.0 * 1.0 + x2*1.0 * 1.0 + x3*0.0 * 1.0 + 0.0 * 1.0)))  .* ((x1*1.0 * 1.0 + x2*0.0 * 1.0 + x3*0.0 * 1.0 + 0.0 * 1.0))) )  + ...
-0.08455049 *  ( sign( (((x1*0.0 * 1.0 + x2*0.0 * 1.0 + x3*1.0 * 1.0 + 0.0 * 1.0)) + ((x1*0.0 * 1.0 + x2*1.0 * 1.0 + x3*0.0 * 1.0 + 0.0 * 1.0))) ) )  + ...
-0.78589169 *  ( (0.91850242 - ((x1*0.0 * 1.0 + x2*1.0 * 1.0 + x3*0.0 * 1.0 + 0.0 * 1.0))) )  + ...
-0.10476728 *  ( ( sign( ( (((x1*0.0 * 1.0 + x2*0.0 * 1.0 + x3*1.0 * 1.0 + 0.0 * 1.0)) +  (1.94444444 .*  sign(((x1*0.0 * 1.0 + x2*1.0 * 1.0 + x3*0.0 * 1.0 + 0.0 * 1.0))) ) )  +  ( ( (((x1*0.0 * 1.0 + x2*0.0 * 1.0 + x3*1.0 * 1.0 + 0.0 * 1.0)) + ((x1*0.0 * 1.0 + x2*1.0 * 1.0 + x3*0.0 * 1.0 + 0.0 * 1.0)))  -  (5.28067438 .* ((x1*1.0 * 1.0 + x2*0.0 * 1.0 + x3*0.0 * 1.0 + 0.0 * 1.0))) )  - ((x1*1.0 * 1.0 + x2*0.0 * 1.0 + x3*0.0 * 1.0 + 0.0 * 1.0))) ) )  + -3.5) )  + ...
0.01987408 *  ( ( ( (((x1*0.0 * 1.0 + x2*0.0 * 1.0 + x3*1.0 * 1.0 + 0.0 * 1.0)) +  (1.94444444 .*  sign(((x1*0.0 * 1.0 + x2*1.0 * 1.0 + x3*0.0 * 1.0 + 0.0 * 1.0))) ) )  +  ( ( (((x1*0.0 * 1.0 + x2*0.0 * 1.0 + x3*1.0 * 1.0 + 0.0 * 1.0)) + ((x1*0.0 * 1.0 + x2*1.0 * 1.0 + x3*0.0 * 1.0 + 0.0 * 1.0)))  -  (5.28067438 .* ((x1*1.0 * 1.0 + x2*0.0 * 1.0 + x3*0.0 * 1.0 + 0.0 * 1.0))) )  - ((x1*1.0 * 1.0 + x2*0.0 * 1.0 + x3*0.0 * 1.0 + 0.0 * 1.0))) )  .*  ( ( sin(((x1*1.0 * 1.0 + x2*0.0 * 1.0 + x3*0.0 * 1.0 + 0.0 * 1.0)))  .* ((x1*1.0 * 1.0 + x2*0.0 * 1.0 + x3*0.0 * 1.0 + 0.0 * 1.0)))  - 2.23606798) ) )  + ...
0.03821522 *  ( ( ( ( (((x1*0.0 * 1.0 + x2*0.0 * 1.0 + x3*1.0 * 1.0 + 0.0 * 1.0)) + ((x1*0.0 * 1.0 + x2*1.0 * 1.0 + x3*0.0 * 1.0 + 0.0 * 1.0)))  -  (5.28067438 .* ((x1*1.0 * 1.0 + x2*0.0 * 1.0 + x3*0.0 * 1.0 + 0.0 * 1.0))) )  - ((x1*1.0 * 1.0 + x2*0.0 * 1.0 + x3*0.0 * 1.0 + 0.0 * 1.0)))  -  cos(((x1*1.0 * 1.0 + x2*0.0 * 1.0 + x3*0.0 * 1.0 + 0.0 * 1.0))) ) )  + ...
0;

% MSE = 0.0013320872731123993

% complexity = 123

% Configuration:
%         seed: 101
%         nbOfRuns: 30
%         dataset: data/1DOF_N1L100_RK4_fri00_5V_s00_5.txt
%         populationSize: 500
%         nbOfTransformedVar: -1
%         lsIterations: 100
%         maxGenerations: 30000
%         depthLimit: 7
% Default probHeadNode: 0.1
% Default probTransformedVarNode: 0.2
%         useIdentityNodes: true
%         optMisplacementPenalty: 0.0
%         desiredOptimum: 0 0
%         regressionClass: LeastSquaresFit
%         populationClass: PartitionedPopulation
%         resultsDir: results/1DOF_N1L100_RK4_fri00_5V_s00_5_reg10/
%         tailFunctionSet: Multiply, Plus, Minus, Sine, Cosine, Sgn
% Default solverName: SolverMultiThreaded
%         nbRegressors: 10
%         nbPredictors: 10
% Default nbOfThreads: 2
%         epochLength: 1000
%         maxEpochs: 30
% Default improvementThreshold: 0.0
% Default maxNonImprovingEpochs: 2147483647
