function V = model_105(x)

x1 = x(:,1);
x2 = x(:,2);
x3 = x(:,3);

V = -0.60660686 + ...
-0.00807807 *  ( ( sign( (((x1*0.0 * 1.0 + x2*0.0 * 1.0 + x3*1.0 * 1.0 + 0.0 * 1.0)) + ((x1*0.0 * 1.0 + x2*1.0 * 1.0 + x3*0.0 * 1.0 + 0.0 * 1.0))) )  .*  cos( (0.10363723 .* ((x1*0.0 * 1.0 + x2*1.0 * 1.0 + x3*0.0 * 1.0 + 0.0 * 1.0))) ) ) )  + ...
0.00462679 *  ( ( ( (0.0707372 .* ((x1*0.0 * 1.0 + x2*0.0 * 1.0 + x3*1.0 * 1.0 + 0.0 * 1.0)))  +  sin(((x1*1.0 * 1.0 + x2*0.0 * 1.0 + x3*0.0 * 1.0 + 0.0 * 1.0))) )  .*  ( cos(((x1*1.0 * 1.0 + x2*0.0 * 1.0 + x3*0.0 * 1.0 + 0.0 * 1.0)))  -  cos( (0.10363723 .* ((x1*0.0 * 1.0 + x2*1.0 * 1.0 + x3*0.0 * 1.0 + 0.0 * 1.0))) ) ) ) )  + ...
0.00651508 *  ( sign( (((x1*0.0 * 1.0 + x2*0.0 * 1.0 + x3*1.0 * 1.0 + 0.0 * 1.0)) + ((x1*0.0 * 1.0 + x2*1.0 * 1.0 + x3*0.0 * 1.0 + 0.0 * 1.0))) ) )  + ...
-1.1615E-4 *  ( ( cos(((x1*1.0 * 1.0 + x2*0.0 * 1.0 + x3*0.0 * 1.0 + 0.0 * 1.0)))  .*  ( (((x1*0.0 * 1.0 + x2*1.0 * 1.0 + x3*0.0 * 1.0 + 0.0 * 1.0)) .* 20.5)  - ((x1*0.0 * 1.0 + x2*0.0 * 1.0 + x3*1.0 * 1.0 + 0.0 * 1.0))) ) )  + ...
0.00709724 *  ( sin( ( sign(((x1*0.0 * 1.0 + x2*1.0 * 1.0 + x3*0.0 * 1.0 + 0.0 * 1.0)))  - 1160.5) ) )  + ...
1.22750681 *  ( ( ( (((x1*0.0 * 1.0 + x2*1.0 * 1.0 + x3*0.0 * 1.0 + 0.0 * 1.0)) .* 20.5)  + ((x1*0.0 * 1.0 + x2*1.0 * 1.0 + x3*0.0 * 1.0 + 0.0 * 1.0)))  +  ( (0.0707372 .* ((x1*0.0 * 1.0 + x2*0.0 * 1.0 + x3*1.0 * 1.0 + 0.0 * 1.0)))  +  sin(((x1*1.0 * 1.0 + x2*0.0 * 1.0 + x3*0.0 * 1.0 + 0.0 * 1.0))) ) ) )  + ...
-0.68726167 *  ( ( ( (0.0707372 .* ((x1*0.0 * 1.0 + x2*0.0 * 1.0 + x3*1.0 * 1.0 + 0.0 * 1.0)))  +  sin(((x1*1.0 * 1.0 + x2*0.0 * 1.0 + x3*0.0 * 1.0 + 0.0 * 1.0))) )  -  ( (((x1*0.0 * 1.0 + x2*1.0 * 1.0 + x3*0.0 * 1.0 + 0.0 * 1.0)) + ((x1*0.0 * 1.0 + x2*1.0 * 1.0 + x3*0.0 * 1.0 + 0.0 * 1.0)))  -  ( sin(((x1*1.0 * 1.0 + x2*0.0 * 1.0 + x3*0.0 * 1.0 + 0.0 * 1.0)))  - 0.87758256) ) ) )  + ...
-0.0014476 *  ( ( cos(((x1*1.0 * 1.0 + x2*0.0 * 1.0 + x3*0.0 * 1.0 + 0.0 * 1.0)))  .*  (((x1*0.0 * 1.0 + x2*0.0 * 1.0 + x3*1.0 * 1.0 + 0.0 * 1.0)) + 0.15811388) ) )  + ...
-80.32544389 *  ( (((x1*0.0 * 1.0 + x2*1.0 * 1.0 + x3*0.0 * 1.0 + 0.0 * 1.0)) + ((x1*1.0 * 1.0 + x2*0.0 * 1.0 + x3*0.0 * 1.0 + 0.0 * 1.0))) )  + ...
-550.01704304 *  ( (0.92288697 .*  ( ( (-2.971525399384924E8 .* ((x1*1.0 * 1.0 + x2*0.0 * 1.0 + x3*0.0 * 1.0 + 0.0 * 1.0)))  -  (0.10363723 .* ((x1*0.0 * 1.0 + x2*1.0 * 1.0 + x3*0.0 * 1.0 + 0.0 * 1.0))) )  -  (-2.9715253977827793E8 .* ((x1*1.0 * 1.0 + x2*0.0 * 1.0 + x3*0.0 * 1.0 + 0.0 * 1.0))) ) ) )  + ...
0;

% MSE = 2.4132701620345494E-6

% complexity = 120

% Configuration:
%         seed: 101
%         nbOfRuns: 30
%         dataset: data/1DOF_N1L1000_RK4_fri00_5V_s00_4.txt
%         populationSize: 500
%         nbOfTransformedVar: -1
%         lsIterations: 100
%         maxGenerations: 30000
%         depthLimit: 7
% Default probHeadNode: 0.1
% Default probTransformedVarNode: 0.2
%         useIdentityNodes: true
%         optMisplacementPenalty: 0.0
%         desiredOptimum: 0 0
%         regressionClass: LeastSquaresFit
%         populationClass: PartitionedPopulation
%         resultsDir: results/1DOF_N1L1000_RK4_fri00_5V_s00_4_reg10/
%         tailFunctionSet: Multiply, Plus, Minus, Sine, Cosine, Sgn
% Default solverName: SolverMultiThreaded
%         nbRegressors: 10
%         nbPredictors: 10
% Default nbOfThreads: 2
%         epochLength: 1000
%         maxEpochs: 30
% Default improvementThreshold: 0.0
% Default maxNonImprovingEpochs: 2147483647
