function V = model_102(x)

x1 = x(:,1);
x2 = x(:,2);
x3 = x(:,3);
x4 = x(:,4);
x5 = x(:,5);

V = -1.196571 + ...
1.0E-8 *  ( (0.22984885 +  (((x1*0.0 * 1.0 + x2*1.0 * 1.0 + x3*0.0 * 1.0 + x4*0.0 * 1.0 + x5*0.0 * 1.0 + 0.0 * 1.0)) +  cos(((x1*0.0 * 1.0 + x2*0.0 * 1.0 + x3*0.0 * 1.0 + x4*1.0 * 1.0 + x5*0.0 * 1.0 + 0.0 * 1.0))) ) ) )  + ...
-5.1982E-4 *  ( ( (0.98849407 +  ( sin( (((x1*0.0 * 1.0 + x2*0.0 * 1.0 + x3*1.0 * 1.0 + x4*0.0 * 1.0 + x5*0.0 * 1.0 + 0.0 * 1.0)) - 1.41421356) )  .*  ( ( sin(((x1*0.0 * 1.0 + x2*0.0 * 1.0 + x3*1.0 * 1.0 + x4*0.0 * 1.0 + x5*0.0 * 1.0 + 0.0 * 1.0)))  +  (-1296.0 .* ((x1*0.0 * 1.0 + x2*0.0 * 1.0 + x3*0.0 * 1.0 + x4*1.0 * 1.0 + x5*0.0 * 1.0 + 0.0 * 1.0))) )  + 0.47942554) ) )  .* 0.01157407) )  + ...
-0.02367976 *  ( ( (1.0 + ((x1*0.0 * 1.0 + x2*0.0 * 1.0 + x3*0.0 * 1.0 + x4*1.0 * 1.0 + x5*0.0 * 1.0 + 0.0 * 1.0)))  + -0.99177885) )  + ...
1.65E-6 *  ( ( ( ( (((x1*0.0 * 1.0 + x2*1.0 * 1.0 + x3*0.0 * 1.0 + x4*0.0 * 1.0 + x5*0.0 * 1.0 + 0.0 * 1.0)) .* 0.23570226)  +  (((x1*0.0 * 1.0 + x2*1.0 * 1.0 + x3*0.0 * 1.0 + x4*0.0 * 1.0 + x5*0.0 * 1.0 + 0.0 * 1.0)) .* 0.23570226) )  + ((x1*0.0 * 1.0 + x2*0.0 * 1.0 + x3*0.0 * 1.0 + x4*1.0 * 1.0 + x5*0.0 * 1.0 + 0.0 * 1.0)))  -  ( cos(((x1*0.0 * 1.0 + x2*0.0 * 1.0 + x3*1.0 * 1.0 + x4*0.0 * 1.0 + x5*0.0 * 1.0 + 0.0 * 1.0)))  -  sin( ( (((x1*0.0 * 1.0 + x2*1.0 * 1.0 + x3*0.0 * 1.0 + x4*0.0 * 1.0 + x5*0.0 * 1.0 + 0.0 * 1.0)) .* 0.23570226)  -  (((x1*0.0 * 1.0 + x2*0.0 * 1.0 + x3*0.0 * 1.0 + x4*1.0 * 1.0 + x5*0.0 * 1.0 + 0.0 * 1.0)) .* 1.3396E-4) ) ) ) ) )  + ...
-0.04938823 *  ( ( ( ( (0.0 -  cos( (((x1*0.0 * 1.0 + x2*0.0 * 1.0 + x3*1.0 * 1.0 + x4*0.0 * 1.0 + x5*0.0 * 1.0 + 0.0 * 1.0)) - 1.41421356) ) )  .*  (1.0 + ((x1*0.0 * 1.0 + x2*0.0 * 1.0 + x3*0.0 * 1.0 + x4*1.0 * 1.0 + x5*0.0 * 1.0 + 0.0 * 1.0))) )  +  (-0.84763183 - ((x1*0.0 * 1.0 + x2*1.0 * 1.0 + x3*0.0 * 1.0 + x4*0.0 * 1.0 + x5*0.0 * 1.0 + 0.0 * 1.0))) )  -  (0.47942554 .*  (((x1*0.0 * 1.0 + x2*0.0 * 1.0 + x3*0.0 * 1.0 + x4*1.0 * 1.0 + x5*0.0 * 1.0 + 0.0 * 1.0)) - 8.0) ) ) )  + ...
0.95061063 *  ( (1.41421356 -  (((x1*0.0 * 1.0 + x2*0.0 * 1.0 + x3*1.0 * 1.0 + x4*0.0 * 1.0 + x5*0.0 * 1.0 + 0.0 * 1.0)) - ((x1*0.0 * 1.0 + x2*1.0 * 1.0 + x3*0.0 * 1.0 + x4*0.0 * 1.0 + x5*0.0 * 1.0 + 0.0 * 1.0))) ) )  + ...
0.04937176 *  ( (0.0 -  cos( (((x1*0.0 * 1.0 + x2*0.0 * 1.0 + x3*1.0 * 1.0 + x4*0.0 * 1.0 + x5*0.0 * 1.0 + 0.0 * 1.0)) - 1.41421356) ) ) )  + ...
0.95062027 *  (((x1*0.0 * 1.0 + x2*0.0 * 1.0 + x3*1.0 * 1.0 + x4*0.0 * 1.0 + x5*0.0 * 1.0 + 0.0 * 1.0)))  + ...
1.0E-8 *  ( (-0.84763183 .* ((x1*1.0 * 1.0 + x2*0.0 * 1.0 + x3*0.0 * 1.0 + x4*0.0 * 1.0 + x5*0.0 * 1.0 + 0.0 * 1.0))) )  + ...
0;

% MSE = 7.527610890717676E-18

% Configuration:
%         seed: 101
%         nbOfRuns: 10
%         dataset: data/syrotek_rw_N1L50_7.txt
%         populationSize: 500
%         nbOfTransformedVar: -1
%         lsIterations: 100
%         maxGenerations: 30000
%         depthLimit: 7
% Default probHeadNode: 0.1
% Default probTransformedVarNode: 0.2
%         useIdentityNodes: true
%         optMisplacementPenalty: 1.0
%         desiredOptimum: 0 0
%         regressionClass: LeastSquaresFit
%         populationClass: PartitionedPopulation
%         resultsDir: results/syrotek_rw_N1L50_7_reg10/
%         tailFunctionSet: Multiply, Plus, Minus, Sine, Cosine
% Default solverName: SolverMultiThreaded
%         nbRegressors: 10
%         nbPredictors: 10
% Default nbOfThreads: 2
%         epochLength: 1000
%         maxEpochs: 30
% Default improvementThreshold: 0.0
% Default maxNonImprovingEpochs: 2147483647
