function V = model_124(x)

x1 = x(:,1);
x2 = x(:,2);
x3 = x(:,3);

V = -21.40930957 + ...
5.8918E-4 *  ( ( ( ( sign(((x1*0.0 * 1.0 + x2*0.0 * 1.0 + x3*1.0 * 1.0 + 0.0 * 1.0)))  .* 110.44099174)  -  (((x1*0.0 * 1.0 + x2*0.0 * 1.0 + x3*1.0 * 1.0 + 0.0 * 1.0)) .* ((x1*0.0 * 1.0 + x2*1.0 * 1.0 + x3*0.0 * 1.0 + 0.0 * 1.0))) )  .* 1.0) )  + ...
-0.00280393 *  ( ( ( (2.5 .* ((x1*0.0 * 1.0 + x2*0.0 * 1.0 + x3*1.0 * 1.0 + 0.0 * 1.0)))  +  cos(((x1*0.0 * 1.0 + x2*1.0 * 1.0 + x3*0.0 * 1.0 + 0.0 * 1.0))) )  .* ((x1*1.0 * 1.0 + x2*0.0 * 1.0 + x3*0.0 * 1.0 + 0.0 * 1.0))) )  + ...
-0.00685379 *  ( ( ( (((x1*0.0 * 1.0 + x2*1.0 * 1.0 + x3*0.0 * 1.0 + 0.0 * 1.0)) - ((x1*0.0 * 1.0 + x2*0.0 * 1.0 + x3*1.0 * 1.0 + 0.0 * 1.0)))  -  (15.0 .* ((x1*0.0 * 1.0 + x2*0.0 * 1.0 + x3*1.0 * 1.0 + 0.0 * 1.0))) )  -  sign(((x1*1.0 * 1.0 + x2*0.0 * 1.0 + x3*0.0 * 1.0 + 0.0 * 1.0))) ) )  + ...
0.10020446 *  ( ( sin(((x1*1.0 * 1.0 + x2*0.0 * 1.0 + x3*0.0 * 1.0 + 0.0 * 1.0)))  .*  sign(((x1*0.0 * 1.0 + x2*0.0 * 1.0 + x3*1.0 * 1.0 + 0.0 * 1.0))) ) )  + ...
-0.02674137 *  ( (((x1*0.0 * 1.0 + x2*1.0 * 1.0 + x3*0.0 * 1.0 + 0.0 * 1.0)) .*  cos(((x1*1.0 * 1.0 + x2*0.0 * 1.0 + x3*0.0 * 1.0 + 0.0 * 1.0))) ) )  + ...
0.07065703 *  ( ( (((x1*0.0 * 1.0 + x2*1.0 * 1.0 + x3*0.0 * 1.0 + 0.0 * 1.0)) - ((x1*0.0 * 1.0 + x2*0.0 * 1.0 + x3*1.0 * 1.0 + 0.0 * 1.0)))  +  (17.1875 +  sin( (2.5 .* ((x1*0.0 * 1.0 + x2*0.0 * 1.0 + x3*1.0 * 1.0 + 0.0 * 1.0))) ) ) ) )  + ...
-0.00671632 *  ( ( (((x1*1.0 * 1.0 + x2*0.0 * 1.0 + x3*0.0 * 1.0 + 0.0 * 1.0)) -  (((x1*0.0 * 1.0 + x2*1.0 * 1.0 + x3*0.0 * 1.0 + 0.0 * 1.0)) - 0.20576321) )  .*  (1.81589121 .* ((x1*1.0 * 1.0 + x2*0.0 * 1.0 + x3*0.0 * 1.0 + 0.0 * 1.0))) ) )  + ...
0.01392406 *  ( ( ( (((x1*0.0 * 1.0 + x2*1.0 * 1.0 + x3*0.0 * 1.0 + 0.0 * 1.0)) - 0.20576321)  +  sin(((x1*0.0 * 1.0 + x2*1.0 * 1.0 + x3*0.0 * 1.0 + 0.0 * 1.0))) )  -  sin( (-2.5 + ((x1*1.0 * 1.0 + x2*0.0 * 1.0 + x3*0.0 * 1.0 + 0.0 * 1.0))) ) ) )  + ...
-0.09621316 *  ( ( sign(((x1*0.0 * 1.0 + x2*1.0 * 1.0 + x3*0.0 * 1.0 + 0.0 * 1.0)))  +  sin(((x1*1.0 * 1.0 + x2*0.0 * 1.0 + x3*0.0 * 1.0 + 0.0 * 1.0))) ) )  + ...
0.94743757 *  ( (21.30710678 + ((x1*1.0 * 1.0 + x2*0.0 * 1.0 + x3*0.0 * 1.0 + 0.0 * 1.0))) )  + ...
0;

% MSE = 3.877128301919757E-6

% complexity = 106

% Configuration:
%         seed: 101
%         nbOfRuns: 30
%         dataset: data/1DOF_N1L20_RK4_fri00_5V_s01_4.txt
%         populationSize: 500
%         nbOfTransformedVar: -1
%         lsIterations: 100
%         maxGenerations: 30000
%         depthLimit: 7
% Default probHeadNode: 0.1
% Default probTransformedVarNode: 0.2
%         useIdentityNodes: true
%         optMisplacementPenalty: 0.0
%         desiredOptimum: 0 0
%         regressionClass: LeastSquaresFit
%         populationClass: PartitionedPopulation
%         resultsDir: results/1DOF_N1L20_RK4_fri00_5V_s01_4_reg10/
%         tailFunctionSet: Multiply, Plus, Minus, Sine, Cosine, Sgn
% Default solverName: SolverMultiThreaded
%         nbRegressors: 10
%         nbPredictors: 10
% Default nbOfThreads: 2
%         epochLength: 1000
%         maxEpochs: 30
% Default improvementThreshold: 0.0
% Default maxNonImprovingEpochs: 2147483647
