function V = model_118(x)

x1 = x(:,1);
x2 = x(:,2);
x3 = x(:,3);
x4 = x(:,4);
x5 = x(:,5);

V = 0.54766472 + ...
-8.6E-7 *  ( cos( ( ( cos(((x1*0.0 * 1.0 + x2*0.0 * 1.0 + x3*1.0 * 1.0 + x4*0.0 * 1.0 + x5*0.0 * 1.0 + 0.0 * 1.0)))  - 1.0)  .* 0.54030231) ) )  + ...
1.4E-6 *  ( sin( (((x1*0.0 * 1.0 + x2*0.0 * 1.0 + x3*1.0 * 1.0 + x4*0.0 * 1.0 + x5*0.0 * 1.0 + 0.0 * 1.0)) + 0.0) ) )  + ...
-6.88E-6 *  ( (0.7568025 .*  (0.54030231 -  (((x1*1.0 * 1.0 + x2*0.0 * 1.0 + x3*0.0 * 1.0 + x4*0.0 * 1.0 + x5*0.0 * 1.0 + 0.0 * 1.0)) .* ((x1*0.0 * 1.0 + x2*0.0 * 1.0 + x3*1.0 * 1.0 + x4*0.0 * 1.0 + x5*0.0 * 1.0 + 0.0 * 1.0))) ) ) )  + ...
-8.94E-6 *  ( ( cos( ( cos(((x1*0.0 * 1.0 + x2*1.0 * 1.0 + x3*0.0 * 1.0 + x4*0.0 * 1.0 + x5*0.0 * 1.0 + 0.0 * 1.0)))  .* 4.0) )  -  (0.7568025 .*  (0.54030231 -  (((x1*1.0 * 1.0 + x2*0.0 * 1.0 + x3*0.0 * 1.0 + x4*0.0 * 1.0 + x5*0.0 * 1.0 + 0.0 * 1.0)) .* ((x1*0.0 * 1.0 + x2*0.0 * 1.0 + x3*1.0 * 1.0 + x4*0.0 * 1.0 + x5*0.0 * 1.0 + 0.0 * 1.0))) ) ) ) )  + ...
0.547674 *  ( ( (((x1*1.0 * 1.0 + x2*0.0 * 1.0 + x3*0.0 * 1.0 + x4*0.0 * 1.0 + x5*0.0 * 1.0 + 0.0 * 1.0)) .* 0.7568025)  -  (1.0 - ((x1*1.0 * 1.0 + x2*0.0 * 1.0 + x3*0.0 * 1.0 + x4*0.0 * 1.0 + x5*0.0 * 1.0 + 0.0 * 1.0))) ) )  + ...
-1.0E-8 *  ( ( cos( (0.0 + ((x1*0.0 * 1.0 + x2*0.0 * 1.0 + x3*0.0 * 1.0 + x4*1.0 * 1.0 + x5*0.0 * 1.0 + 0.0 * 1.0))) )  +  sin( (-1.95710678 .*  cos(((x1*0.0 * 1.0 + x2*0.0 * 1.0 + x3*0.0 * 1.0 + x4*0.0 * 1.0 + x5*1.0 * 1.0 + 0.0 * 1.0))) ) ) ) )  + ...
-9.0E-8 *  ( sin( (-0.5 .*  sin(((x1*0.0 * 1.0 + x2*0.0 * 1.0 + x3*0.0 * 1.0 + x4*1.0 * 1.0 + x5*0.0 * 1.0 + 0.0 * 1.0))) ) ) )  + ...
0.05000004 *  ( ( (((x1*1.0 * 1.0 + x2*0.0 * 1.0 + x3*0.0 * 1.0 + x4*0.0 * 1.0 + x5*0.0 * 1.0 + 0.0 * 1.0)) .* 0.7568025)  +  ( (0.0 + ((x1*0.0 * 1.0 + x2*0.0 * 1.0 + x3*0.0 * 1.0 + x4*1.0 * 1.0 + x5*0.0 * 1.0 + 0.0 * 1.0)))  .*  cos(((x1*0.0 * 1.0 + x2*0.0 * 1.0 + x3*1.0 * 1.0 + x4*0.0 * 1.0 + x5*0.0 * 1.0 + 0.0 * 1.0))) ) ) )  + ...
0;

% MSE = 1.2145851473862066E-18

% Configuration:
%         seed: 111
%         nbOfRuns: 20
%         dataset: data/syrotek_rw_N1L20_6.txt
%         populationSize: 500
%         nbOfTransformedVar: -1
%         lsIterations: 100
%         maxGenerations: 30000
%         depthLimit: 7
% Default probHeadNode: 0.1
% Default probTransformedVarNode: 0.2
%         useIdentityNodes: true
%         optMisplacementPenalty: 1.0
%         desiredOptimum: 0 0
%         regressionClass: LeastSquaresFit
%         populationClass: PartitionedPopulation
%         resultsDir: results/syrotek_rw_N1L20_6_reg10/
%         tailFunctionSet: Multiply, Plus, Minus, Sine, Cosine
% Default solverName: SolverMultiThreaded
%         nbRegressors: 10
%         nbPredictors: 10
% Default nbOfThreads: 2
%         epochLength: 1000
%         maxEpochs: 30
% Default improvementThreshold: 0.0
% Default maxNonImprovingEpochs: 2147483647
