function V = model_106(x)

x1 = x(:,1);
x2 = x(:,2);
x3 = x(:,3);
x4 = x(:,4);
x5 = x(:,5);

V = 31.24992004 + ...
-1.0E-8 *  ( (0.29289322 -  (((x1*0.0 * 1.0 + x2*0.0 * 1.0 + x3*1.0 * 1.0 + x4*0.0 * 1.0 + x5*0.0 * 1.0 + 0.0 * 1.0)) .* 1.41421356) ) )  + ...
-9.0E-8 *  ( (0.12467473 .*  ( sin( (0.50160006 + ((x1*0.0 * 1.0 + x2*0.0 * 1.0 + x3*0.0 * 1.0 + x4*1.0 * 1.0 + x5*0.0 * 1.0 + 0.0 * 1.0))) )  .*  sin(((x1*0.0 * 1.0 + x2*0.0 * 1.0 + x3*0.0 * 1.0 + x4*0.0 * 1.0 + x5*1.0 * 1.0 + 0.0 * 1.0))) ) ) )  + ...
-3.0E-8 *  ( (0.70519973 .* ((x1*0.0 * 1.0 + x2*0.0 * 1.0 + x3*0.0 * 1.0 + x4*0.0 * 1.0 + x5*1.0 * 1.0 + 0.0 * 1.0))) )  + ...
4.197E-5 *  (((x1*0.0 * 1.0 + x2*1.0 * 1.0 + x3*0.0 * 1.0 + x4*0.0 * 1.0 + x5*0.0 * 1.0 + 0.0 * 1.0)))  + ...
6.83E-5 *  ( cos(((x1*0.0 * 1.0 + x2*1.0 * 1.0 + x3*0.0 * 1.0 + x4*0.0 * 1.0 + x5*0.0 * 1.0 + 0.0 * 1.0))) )  + ...
-3.0E-8 *  ( ( ( (0.99604694 .*  ( (((x1*0.0 * 1.0 + x2*0.0 * 1.0 + x3*0.0 * 1.0 + x4*1.0 * 1.0 + x5*0.0 * 1.0 + 0.0 * 1.0)) .* -1.0)  .*  sin(((x1*0.0 * 1.0 + x2*0.0 * 1.0 + x3*1.0 * 1.0 + x4*0.0 * 1.0 + x5*0.0 * 1.0 + 0.0 * 1.0))) ) )  +  sin(((x1*0.0 * 1.0 + x2*1.0 * 1.0 + x3*0.0 * 1.0 + x4*0.0 * 1.0 + x5*0.0 * 1.0 + 0.0 * 1.0))) )  -  sin(((x1*0.0 * 1.0 + x2*0.0 * 1.0 + x3*0.0 * 1.0 + x4*0.0 * 1.0 + x5*1.0 * 1.0 + 0.0 * 1.0))) ) )  + ...
-0.70710386 *  ( (((x1*1.0 * 1.0 + x2*0.0 * 1.0 + x3*0.0 * 1.0 + x4*0.0 * 1.0 + x5*0.0 * 1.0 + 0.0 * 1.0)) .* -1.41421356) )  + ...
6.83E-6 *  ( sin(((x1*1.0 * 1.0 + x2*0.0 * 1.0 + x3*0.0 * 1.0 + x4*0.0 * 1.0 + x5*0.0 * 1.0 + 0.0 * 1.0))) )  + ...
0.05 *  ( ( ( cos(((x1*0.0 * 1.0 + x2*0.0 * 1.0 + x3*1.0 * 1.0 + x4*0.0 * 1.0 + x5*0.0 * 1.0 + 0.0 * 1.0)))  .* ((x1*0.0 * 1.0 + x2*0.0 * 1.0 + x3*0.0 * 1.0 + x4*1.0 * 1.0 + x5*0.0 * 1.0 + 0.0 * 1.0)))  -  (((x1*0.0 * 1.0 + x2*0.0 * 1.0 + x3*0.0 * 1.0 + x4*1.0 * 1.0 + x5*0.0 * 1.0 + 0.0 * 1.0)) + 625.0) ) )  + ...
-0.05000001 *  ( (((x1*0.0 * 1.0 + x2*0.0 * 1.0 + x3*0.0 * 1.0 + x4*1.0 * 1.0 + x5*0.0 * 1.0 + 0.0 * 1.0)) .* -1.0) )  + ...
0;

% MSE = 3.918775484471877E-19

% Configuration:
%         seed: 101
%         nbOfRuns: 10
%         dataset: data/syrotek_rw_N1L20_6.txt
%         populationSize: 500
%         nbOfTransformedVar: -1
%         lsIterations: 100
%         maxGenerations: 30000
%         depthLimit: 7
% Default probHeadNode: 0.1
% Default probTransformedVarNode: 0.2
%         useIdentityNodes: true
%         optMisplacementPenalty: 1.0
%         desiredOptimum: 0 0
%         regressionClass: LeastSquaresFit
%         populationClass: PartitionedPopulation
%         resultsDir: results/syrotek_rw_N1L20_6_reg10/
%         tailFunctionSet: Multiply, Plus, Minus, Sine, Cosine
% Default solverName: SolverMultiThreaded
%         nbRegressors: 10
%         nbPredictors: 10
% Default nbOfThreads: 2
%         epochLength: 1000
%         maxEpochs: 30
% Default improvementThreshold: 0.0
% Default maxNonImprovingEpochs: 2147483647
