function V = model_114(x)

x1 = x(:,1);
x2 = x(:,2);
x3 = x(:,3);

V = -1.51786404 + ...
-0.08245576 *  ( cos( (((x1*1.0 * 1.0 + x2*0.0 * 1.0 + x3*0.0 * 1.0 + 0.0 * 1.0)) - ((x1*0.0 * 1.0 + x2*1.0 * 1.0 + x3*0.0 * 1.0 + 0.0 * 1.0))) ) )  + ...
-0.07360326 *  ( cos( (-0.32679975 +  ( (10.375 .* ((x1*0.0 * 1.0 + x2*1.0 * 1.0 + x3*0.0 * 1.0 + 0.0 * 1.0)))  -  sin(((x1*1.0 * 1.0 + x2*0.0 * 1.0 + x3*0.0 * 1.0 + 0.0 * 1.0))) ) ) ) )  + ...
0.06967373 *  ( sin( (((x1*1.0 * 1.0 + x2*0.0 * 1.0 + x3*0.0 * 1.0 + 0.0 * 1.0)) .*  (10.375 .* ((x1*0.0 * 1.0 + x2*1.0 * 1.0 + x3*0.0 * 1.0 + 0.0 * 1.0))) ) ) )  + ...
-0.08456045 *  ( ( sin( (((x1*1.0 * 1.0 + x2*0.0 * 1.0 + x3*0.0 * 1.0 + 0.0 * 1.0)) .* 6.53435854) )  -  ( sin(((x1*1.0 * 1.0 + x2*0.0 * 1.0 + x3*0.0 * 1.0 + 0.0 * 1.0)))  .*  cos(((x1*1.0 * 1.0 + x2*0.0 * 1.0 + x3*0.0 * 1.0 + 0.0 * 1.0))) ) ) )  + ...
-0.064059 *  ( ( (2.37054546 +  cos( ( (10.375 .* ((x1*0.0 * 1.0 + x2*1.0 * 1.0 + x3*0.0 * 1.0 + 0.0 * 1.0)))  +  sin(((x1*0.0 * 1.0 + x2*1.0 * 1.0 + x3*0.0 * 1.0 + 0.0 * 1.0))) ) ) )  .*  sign( ( (-0.32679975 +  ( (10.375 .* ((x1*0.0 * 1.0 + x2*1.0 * 1.0 + x3*0.0 * 1.0 + 0.0 * 1.0)))  -  sin(((x1*1.0 * 1.0 + x2*0.0 * 1.0 + x3*0.0 * 1.0 + 0.0 * 1.0))) ) )  .*  ( cos(((x1*1.0 * 1.0 + x2*0.0 * 1.0 + x3*0.0 * 1.0 + 0.0 * 1.0)))  +  ( cos(((x1*1.0 * 1.0 + x2*0.0 * 1.0 + x3*0.0 * 1.0 + 0.0 * 1.0)))  + -0.3210138) ) ) ) ) )  + ...
-5.63500327 *  ( sin(((x1*1.0 * 1.0 + x2*0.0 * 1.0 + x3*0.0 * 1.0 + 0.0 * 1.0))) )  + ...
-1.48692352 *  ( (-1.0 - ((x1*0.0 * 1.0 + x2*0.0 * 1.0 + x3*1.0 * 1.0 + 0.0 * 1.0))) )  + ...
-0.00554007 *  ( ( (-0.32679975 +  ( (10.375 .* ((x1*0.0 * 1.0 + x2*1.0 * 1.0 + x3*0.0 * 1.0 + 0.0 * 1.0)))  -  sin(((x1*1.0 * 1.0 + x2*0.0 * 1.0 + x3*0.0 * 1.0 + 0.0 * 1.0))) ) )  .*  ( cos(((x1*1.0 * 1.0 + x2*0.0 * 1.0 + x3*0.0 * 1.0 + 0.0 * 1.0)))  +  ( cos(((x1*1.0 * 1.0 + x2*0.0 * 1.0 + x3*0.0 * 1.0 + 0.0 * 1.0)))  + -0.3210138) ) ) )  + ...
-0.09790477 *  ( ( sign( ( (10.375 .* ((x1*0.0 * 1.0 + x2*1.0 * 1.0 + x3*0.0 * 1.0 + 0.0 * 1.0)))  + -20.47794311) )  +  (-0.3210138 -  ( sin(((x1*1.0 * 1.0 + x2*0.0 * 1.0 + x3*0.0 * 1.0 + 0.0 * 1.0)))  .*  cos(((x1*1.0 * 1.0 + x2*0.0 * 1.0 + x3*0.0 * 1.0 + 0.0 * 1.0))) ) ) ) )  + ...
0.08429497 *  ( ( ( (10.375 .* ((x1*0.0 * 1.0 + x2*1.0 * 1.0 + x3*0.0 * 1.0 + 0.0 * 1.0)))  -  sin(((x1*1.0 * 1.0 + x2*0.0 * 1.0 + x3*0.0 * 1.0 + 0.0 * 1.0))) )  -  ( cos(((x1*1.0 * 1.0 + x2*0.0 * 1.0 + x3*0.0 * 1.0 + 0.0 * 1.0)))  .*  (((x1*0.0 * 1.0 + x2*0.0 * 1.0 + x3*1.0 * 1.0 + 0.0 * 1.0)) - -0.41987002) ) ) )  + ...
0;

% MSE = 0.3008671919547654

% complexity = 135

% Configuration:
%         seed: 101
%         nbOfRuns: 30
%         dataset: data/1DOF_N1L1000_RK4_fri00_5V_s01_5.txt
%         populationSize: 500
%         nbOfTransformedVar: -1
%         lsIterations: 100
%         maxGenerations: 30000
%         depthLimit: 7
% Default probHeadNode: 0.1
% Default probTransformedVarNode: 0.2
%         useIdentityNodes: true
%         optMisplacementPenalty: 0.0
%         desiredOptimum: 0 0
%         regressionClass: LeastSquaresFit
%         populationClass: PartitionedPopulation
%         resultsDir: results/1DOF_N1L1000_RK4_fri00_5V_s01_5_reg10/
%         tailFunctionSet: Multiply, Plus, Minus, Sine, Cosine, Sgn
% Default solverName: SolverMultiThreaded
%         nbRegressors: 10
%         nbPredictors: 10
% Default nbOfThreads: 2
%         epochLength: 1000
%         maxEpochs: 30
% Default improvementThreshold: 0.0
% Default maxNonImprovingEpochs: 2147483647
