function V = model_925005(x)

x1 = x(:,1);
x2 = x(:,2);
x3 = x(:,3);

V = -137.47411023 + ...
0.11037208 *  ( (((x1*0.0 * 1.0 + x2*0.0 * 1.0 + x3*1.0 * 1.0 + 0.0 * 1.0)) .* -1.0) )  + ...
-0.14159115 *  ( ( sin(((x1*1.0 * 1.0 + x2*0.0 * 1.0 + x3*0.0 * 1.0 + 0.0 * 1.0)))  -  (((x1*0.0 * 1.0 + x2*0.0 * 1.0 + x3*1.0 * 1.0 + 0.0 * 1.0)) + 25.0) ) )  + ...
-8.28E-5 *  ( ( ( cos( (((x1*0.0 * 1.0 + x2*0.0 * 1.0 + x3*1.0 * 1.0 + 0.0 * 1.0)) + 25.0) )  .*  ( ( (((x1*0.0 * 1.0 + x2*0.0 * 1.0 + x3*1.0 * 1.0 + 0.0 * 1.0)) + 25.0)  -  cos(((x1*1.0 * 1.0 + x2*0.0 * 1.0 + x3*0.0 * 1.0 + 0.0 * 1.0))) )  +  ( (((x1*1.0 * 1.0 + x2*0.0 * 1.0 + x3*0.0 * 1.0 + 0.0 * 1.0)) - 2.60687511)  .*  (((x1*1.0 * 1.0 + x2*0.0 * 1.0 + x3*0.0 * 1.0 + 0.0 * 1.0)) - 2.60687511) ) ) )  -  ( sign(((x1*0.0 * 1.0 + x2*1.0 * 1.0 + x3*0.0 * 1.0 + 0.0 * 1.0)))  .* 144.0) ) )  + ...
0.00309814 *  ( ( (((x1*0.0 * 1.0 + x2*0.0 * 1.0 + x3*1.0 * 1.0 + 0.0 * 1.0)) + -6.97515877)  +  ( ( cos(((x1*1.0 * 1.0 + x2*0.0 * 1.0 + x3*0.0 * 1.0 + 0.0 * 1.0)))  .*  (-0.77725099 .* ((x1*0.0 * 1.0 + x2*1.0 * 1.0 + x3*0.0 * 1.0 + 0.0 * 1.0))) )  + 0.49045565) ) )  + ...
1.242E-5 *  ( ( ( ( (((x1*1.0 * 1.0 + x2*0.0 * 1.0 + x3*0.0 * 1.0 + 0.0 * 1.0)) - 2.60687511)  .*  (((x1*1.0 * 1.0 + x2*0.0 * 1.0 + x3*0.0 * 1.0 + 0.0 * 1.0)) - 2.60687511) )  .*  ( (((x1*1.0 * 1.0 + x2*0.0 * 1.0 + x3*0.0 * 1.0 + 0.0 * 1.0)) - 2.60687511)  .*  (((x1*1.0 * 1.0 + x2*0.0 * 1.0 + x3*0.0 * 1.0 + 0.0 * 1.0)) - 2.60687511) ) )  .*  cos( ( (((x1*0.0 * 1.0 + x2*0.0 * 1.0 + x3*1.0 * 1.0 + 0.0 * 1.0)) .* ((x1*1.0 * 1.0 + x2*0.0 * 1.0 + x3*0.0 * 1.0 + 0.0 * 1.0)))  +  (((x1*0.0 * 1.0 + x2*0.0 * 1.0 + x3*1.0 * 1.0 + 0.0 * 1.0)) .* ((x1*1.0 * 1.0 + x2*0.0 * 1.0 + x3*0.0 * 1.0 + 0.0 * 1.0))) ) ) ) )  + ...
-0.00516612 *  ( ( sin( (2.25 .*  (((x1*0.0 * 1.0 + x2*0.0 * 1.0 + x3*1.0 * 1.0 + 0.0 * 1.0)) + 25.0) ) )  .*  cos( ( ( sin(((x1*0.0 * 1.0 + x2*1.0 * 1.0 + x3*0.0 * 1.0 + 0.0 * 1.0)))  .* -0.79209219)  + ((x1*0.0 * 1.0 + x2*1.0 * 1.0 + x3*0.0 * 1.0 + 0.0 * 1.0))) ) ) )  + ...
-4.0972E-4 *  ( ( ( sign( (-0.99986235 .*  (((x1*0.0 * 1.0 + x2*0.0 * 1.0 + x3*1.0 * 1.0 + 0.0 * 1.0)) .* ((x1*1.0 * 1.0 + x2*0.0 * 1.0 + x3*0.0 * 1.0 + 0.0 * 1.0))) ) )  -  (-38.19872981 +  (((x1*1.0 * 1.0 + x2*0.0 * 1.0 + x3*0.0 * 1.0 + 0.0 * 1.0)) .*  sin(((x1*1.0 * 1.0 + x2*0.0 * 1.0 + x3*0.0 * 1.0 + 0.0 * 1.0))) ) ) )  .*  ( sign(((x1*0.0 * 1.0 + x2*1.0 * 1.0 + x3*0.0 * 1.0 + 0.0 * 1.0)))  + 2.82842712) ) )  + ...
-0.06267728 *  ( (-0.77725099 .* ((x1*0.0 * 1.0 + x2*1.0 * 1.0 + x3*0.0 * 1.0 + 0.0 * 1.0))) )  + ...
0.00292607 *  ( ( ( sign( (0.50984843 - ((x1*0.0 * 1.0 + x2*1.0 * 1.0 + x3*0.0 * 1.0 + 0.0 * 1.0))) )  +  cos( (((x1*1.0 * 1.0 + x2*0.0 * 1.0 + x3*0.0 * 1.0 + 0.0 * 1.0)) .* ((x1*0.0 * 1.0 + x2*0.0 * 1.0 + x3*1.0 * 1.0 + 0.0 * 1.0))) ) )  +  cos(((x1*1.0 * 1.0 + x2*0.0 * 1.0 + x3*0.0 * 1.0 + 0.0 * 1.0))) ) )  + ...
0.99997197 *  ( (((x1*1.0 * 1.0 + x2*0.0 * 1.0 + x3*0.0 * 1.0 + 0.0 * 1.0)) + 134.0) )  + ...
0;

% MSE = 9.230454359854231E-5

% complexity = 150

% Configuration:
%         seed: 925000
%         nbOfRuns: 10
%         dataset: data/rtrandom2_rtswingup_all_train_x1.txt
%         populationSize: 500
%         nbOfTransformedVar: -1
%         lsIterations: 100
%         maxGenerations: 30000
%         depthLimit: 7
% Default probHeadNode: 0.1
% Default probTransformedVarNode: 0.2
%         useIdentityNodes: true
% Default optMisplacementPenalty: 0.0
% Default desiredOptimum: 
%         regressionClass: LeastSquaresFit
%         populationClass: PartitionedPopulation
%         resultsDir: rtrandom2_rtswingup_all/results/
%         tailFunctionSet: Multiply, Plus, Minus, Sine, Cosine, Sgn
% Default solverName: SolverMultiThreaded
%         nbRegressors: 10
%         nbPredictors: 10
% Default nbOfThreads: 2
%         epochLength: 1000
%         maxEpochs: 50
% Default improvementThreshold: 0.0
% Default maxNonImprovingEpochs: 2147483647
